0.000000000000000000e+00
2.079648660971610852e+01
1.789322462676886971e+01
2.368126082064875959e+01
2.038747252831390711e+01
0.000000000000000000e+00
1.882150873346083841e+01
0.000000000000000000e+00
0.000000000000000000e+00
1.994623215839006747e+01
2.020363344440684372e+01
0.000000000000000000e+00
0.000000000000000000e+00
2.312118322747605248e+01
1.693642356501781521e+01
1.788626008004703394e+01
1.892014751264889938e+01
0.000000000000000000e+00
0.000000000000000000e+00
2.278810108642376164e+01
2.164390734508079817e+01
2.444441015507387860e+01
1.911311620647461496e+01
0.000000000000000000e+00
0.000000000000000000e+00
1.947966814957878867e+01
1.616538299138928636e+01
0.000000000000000000e+00
2.495542810088104346e+01
2.416943144565865609e+01
0.000000000000000000e+00
0.000000000000000000e+00
2.197666568870300807e+01
1.516639750895845218e+01
1.898863401055689692e+01
2.533080474337359789e+01
0.000000000000000000e+00
1.739007974414489865e+01
1.662467741211406391e+01
0.000000000000000000e+00
2.146947849261074737e+01
1.754451078742456716e+01
0.000000000000000000e+00
0.000000000000000000e+00
1.969846980754890708e+01
2.544926482275645441e+01
2.419952727375970980e+01
1.840618044848086399e+01
0.000000000000000000e+00
1.821426994917241871e+01
2.387135927939672797e+01
2.472412251555447682e+01
2.289689987773149227e+01
1.683674230782551007e+01
1.562094454182573600e+01
2.474640421359420372e+01
1.705127563715256400e+01
1.875432957291860347e+01
2.353376890774558206e+01
2.565598963933829424e+01
1.956139393529437243e+01
2.350955559902048719e+01
2.015377244519965672e+01
0.000000000000000000e+00
1.997346004602868064e+01
1.961319876878116375e+01
2.177140173023792258e+01
2.171912854490320299e+01
1.675622330636919344e+01
2.509507252383894382e+01
2.203564365773221922e+01
2.305030321864216347e+01
0.000000000000000000e+00
0.000000000000000000e+00
1.660416471528235149e+01
2.088079416897506491e+01
0.000000000000000000e+00
0.000000000000000000e+00
2.335978877017642574e+01
1.973804565658531374e+01
2.266048003688555568e+01
2.061549804856849732e+01
2.230915621387970305e+01
0.000000000000000000e+00
2.118003636405814660e+01
1.719880316799972420e+01
2.105389021093196078e+01
2.194411362415436173e+01
2.087703858546473867e+01
0.000000000000000000e+00
2.319753709823980259e+01
2.549988285025797907e+01
2.313372460644563233e+01
1.795093359680920742e+01
2.036952767696999800e+01
1.729249475460926178e+01
2.083218100786685056e+01
1.900901756618852190e+01
2.172623709686678950e+01
1.603133044717950284e+01
2.154299839066925770e+01
2.319562934052233061e+01
0.000000000000000000e+00
2.172345000958446448e+01
2.458237263077016976e+01
2.538717900197248412e+01
2.145826854837687847e+01
2.321954845762863684e+01
0.000000000000000000e+00
2.290890830206694773e+01
1.862405413781518959e+01
1.787627120353015542e+01
2.291924899212312638e+01
1.895029932609260470e+01
1.879210296942107306e+01
2.157279507537329266e+01
1.805473797411671200e+01
2.479548717700700777e+01
0.000000000000000000e+00
1.968092149324017370e+01
1.552509852422878467e+01
2.387636020736384879e+01
1.613385714416112648e+01
1.727014904635650439e+01
1.825467969334827600e+01
1.518438321322806672e+01
0.000000000000000000e+00
2.140798634890627739e+01
2.263697610916679537e+01
2.197333629907372554e+01
2.048364931348958251e+01
0.000000000000000000e+00
2.350534616467541582e+01
2.355185051539416463e+01
2.257332836410428456e+01
1.805800819934431445e+01
1.657933417638745865e+01
2.125948256043172790e+01
0.000000000000000000e+00
1.713405819364609073e+01
0.000000000000000000e+00
0.000000000000000000e+00
0.000000000000000000e+00
2.403040574320081646e+01
0.000000000000000000e+00
2.130051155372418492e+01
1.869268287777849835e+01
0.000000000000000000e+00
1.980342075600442442e+01
2.114711771673355400e+01
0.000000000000000000e+00
2.379171744632150620e+01
2.417311189765900181e+01
2.002849547347792480e+01
0.000000000000000000e+00
0.000000000000000000e+00
0.000000000000000000e+00
2.335624616622976291e+01
2.334060042123678969e+01
1.634892490030246748e+01
2.140683493461645881e+01
1.629982550053449941e+01
0.000000000000000000e+00
2.207077453094548858e+01
2.387968180886044678e+01
0.000000000000000000e+00
1.506485870104421032e+01
2.025844789031603455e+01
2.116244062333058196e+01
2.086998614448048528e+01
0.000000000000000000e+00
2.467815262738945492e+01
1.605431574793519545e+01
0.000000000000000000e+00
0.000000000000000000e+00
2.495892514926781658e+01
0.000000000000000000e+00
2.131158096036329042e+01
2.317793887513298756e+01
0.000000000000000000e+00
2.141736541312718600e+01
1.976509276799358972e+01
2.145210472460285445e+01
2.528059175479190301e+01
1.874507602378195514e+01
0.000000000000000000e+00
2.382208613047691870e+01
1.999112892185718948e+01
1.751420065508599322e+01
2.197718387890777336e+01
2.013934629254546849e+01
0.000000000000000000e+00
1.844137940998259140e+01
1.891991859902250894e+01
1.926170792492256112e+01
1.520410643421053010e+01
1.653644223981667949e+01
2.257917947786392787e+01
2.066085112626820930e+01
1.718097321969395352e+01
1.944992100562182102e+01
0.000000000000000000e+00
0.000000000000000000e+00
1.585368480690502224e+01
1.729712235583706104e+01
2.325244288332044107e+01
2.186659367128757125e+01
1.561329728647964821e+01
1.844086801989881863e+01
2.392217642905190900e+01
2.271820761986692716e+01
0.000000000000000000e+00
0.000000000000000000e+00
2.210495553218636644e+01
1.757910782713327080e+01
0.000000000000000000e+00
2.148117384077683312e+01
2.203967327212320626e+01
1.881112463296036097e+01
1.585555475679784720e+01
2.475311136105933585e+01
1.711904885113300168e+01
2.444790415319207355e+01
2.348022327167702272e+01
2.104591253483432922e+01
1.560817969105030834e+01
1.591328902206799079e+01
0.000000000000000000e+00
2.245160642497701886e+01
2.074938387892465386e+01
1.966285276342394539e+01
1.687006345661658102e+01
1.955791048380898900e+01
2.186624167539275021e+01
2.390493825965585017e+01
2.300135955573367141e+01
2.039138462720800860e+01
0.000000000000000000e+00
2.374472209889782448e+01
2.033013097149444448e+01
0.000000000000000000e+00
2.411071836295692350e+01
0.000000000000000000e+00
2.270886817541540736e+01
1.930439862487407510e+01
0.000000000000000000e+00
0.000000000000000000e+00
2.086112690480475962e+01
2.388135173273068190e+01
0.000000000000000000e+00
1.939779906132542564e+01
1.962424392662091321e+01
2.459986152804106396e+01
1.859767613277356446e+01
2.312523424551328333e+01
1.653515498803161421e+01
1.859809722857047021e+01
1.809054388473558106e+01
2.103917496179173696e+01
0.000000000000000000e+00
2.068034281518991691e+01
2.451784011057587520e+01
2.101753920611816540e+01
1.681898416470379587e+01
2.377261390441951150e+01
0.000000000000000000e+00
1.705432656173898209e+01
0.000000000000000000e+00
1.797387200789585648e+01
2.222917509577519013e+01
1.919827477555525874e+01
2.590310982582750654e+01
2.258788596836114948e+01
2.434424946226205577e+01
2.156581211731909420e+01
1.560992984913595016e+01
2.031414864813162069e+01
1.660284488303884842e+01
2.167637509693843612e+01
0.000000000000000000e+00
0.000000000000000000e+00
1.938538849363714434e+01
2.188081563681291897e+01
2.228278633428338651e+01
0.000000000000000000e+00
2.555657005100986012e+01
1.977527605104734576e+01
0.000000000000000000e+00
1.961262194582893059e+01
2.084468085787416669e+01
0.000000000000000000e+00
2.072418707287416595e+01
0.000000000000000000e+00
1.718688687999691567e+01
2.594683619108518968e+01
1.736561161195502834e+01
1.832117277163708735e+01
1.957343941392723252e+01
2.529587676097663973e+01
2.211849461214401202e+01
0.000000000000000000e+00
2.518370961438579059e+01
2.041223287937551234e+01
2.220162468706458370e+01
2.270673823792489898e+01
0.000000000000000000e+00
1.784650044734397767e+01
1.937793915478937734e+01
1.887249651717356258e+01
1.589015456816821370e+01
0.000000000000000000e+00
0.000000000000000000e+00
2.519891001388003815e+01
1.990996380219247541e+01
2.141583977252678395e+01
0.000000000000000000e+00
1.797250376742475098e+01
1.624639547020676389e+01
2.491708736420510562e+01
1.926047314653093778e+01
2.092728664638961433e+01
0.000000000000000000e+00
1.797567744889367702e+01
1.917842259193322718e+01
